We won these 29 blocks:
+-------------+------------------------+--------------+------------------------+---------------------+------------------------+
| BlockHeight | Supercharged Weighting |   Coinbase   | Producer Fee Transfers | Snark Fee Transfers | Coinbase Fee Transfers |
+-------------+------------------------+--------------+------------------------+---------------------+------------------------+
|    64963    |   1.9996721908274244   | 720000000000 |       236100000        |          0          |           0            |
|    64764    |   1.9997443709184914   | 720000000000 |       184100000        |          0          |           0            |
|    64588    |   1.9998486341650845   | 720000000000 |       108999900        |         100         |           0            |
|    64556    |   1.999588780282334    | 720000000000 |       296200000        |          0          |           0            |
|    64521    |   1.9999397258554137   | 720000000000 |        43400000        |          0          |           0            |
|    64339    |    1.99981100794697    | 720000000000 |       136100000        |          0          |           0            |
|    64320    |   1.9999401424720271   | 720000000000 |        43100000        |          0          |           0            |
|    64279    |   1.9999819447704417   | 720000000000 |        13000000        |          0          |           0            |
|    64219    |          2.0           | 720000000000 |           0            |          0          |           0            |
|    64122    |   1.999827668592122    | 720000000000 |       124100000        |          0          |           0            |
|    64009    |   1.9998290570042816   | 720000000000 |       123100000        |          0          |           0            |
|    63808    |   1.9999262554386612   | 720000000000 |        53100000        |          0          |           0            |
|    63743    |   1.9997831026102393   | 720000000000 |       156200000        |          0          |           0            |
|    63686    |   1.9998167002716167   | 720000000000 |       132000000        |          0          |           0            |
|    63611    |    1.99999444489197    | 720000000000 |        3999700         |         300         |          100           |
|    63154    |   1.999887095925462    | 720000000000 |        81300000        |          0          |         998800         |
|    63088    |   1.9999958333506944   | 720000000000 |        3000000         |          0          |           0            |
|    62283    |    1.99992583883362    | 720000000000 |        53400000        |          0          |           0            |
|    62228    |   1.9997958750088525   | 720000000000 |       147000000        |          0          |           0            |
|    61955    |   1.9999831947268665   | 720000000000 |        12100000        |          0          |           0            |
|    61899    |   1.9999130631142348   | 720000000000 |        62600000        |          0          |           0            |
|    61852    |   1.9998165614336592   | 720000000000 |       132100000        |          0          |           0            |
|    61830    |   1.999967778816016    | 720000000000 |        23200000        |          0          |           0            |
|    61384    |   1.9997277130492654   | 720000000000 |       196100000        |          0          |           0            |
|    61220    |   1.9999397258554137   | 720000000000 |        43400000        |          0          |           0            |
|    61208    |   1.999967778816016    | 720000000000 |        23200000        |          0          |           0            |
|    60960    |   1.9998997322768466   | 720000000000 |        72200000        |          0          |           0            |
|    60883    |   1.999233612491962    | 720000000000 |       552222222        |          0          |           0            |
|    60615    |   1.9999818058865872   | 720000000000 |        13100000        |          0          |           0            |
+-------------+------------------------+--------------+------------------------+---------------------+------------------------+
We are paying out 20883067422922 nanomina in this window.
That is 20883.067422922 mina
Our fee is 1044.153371146 mina
+---------------------------------------------------------+-------------------+-----------------+----------------+------------+
|                        PublicKey                        |  Staking Balance  | Payout nanomina |  Payout mina   | Foundation |
+---------------------------------------------------------+-------------------+-----------------+----------------+------------+
| B62qmmvXhqFc4KpY8o78Nx1N2gusT9zC7D4pairouAZHyJmutVqApJ6 | 1263354.412900000 |  6347377301034  | 6347.377301034 |    True    |
| B62qo92C9siz8nua4H3mopoLxbDVV6dsoavd4AoimHAqA3ojM9pfh37 | 947353.285500000  |  4759716417686  | 4759.716417686 |    True    |
| B62qo8J84nSRhYcZshZGDtewgb7R1PyLz9J28PFm8B9ovfh7vu1fE7N | 904832.796484569  |  4546083897764  | 4546.083897764 |    True    |
| B62qmQ2n3jXzMqq3rwuqKwJXWYBRZYZoWJP1RCJjJbwxMYBMRNyM2bQ | 631417.248131000  |  3172382561335  | 3172.382561335 |    True    |
| B62qq2PGvsoNC4u3uxthhs2ztXzuXRzqoWX9pWUDo5xdC3vdG7DQkjU |  68890.033100001  |  347071128726   | 347.071128726  |   False    |
| B62qjUaGVZqZ8iri5r6rSQya6a1jWqyYAQt7JSicLf1sQs9BRCKdskT |  66196.090100000  |  333498921027   | 333.498921027  |   False    |
| B62qpBAw7SPHqDJyWDxfXCwQzJJ9ddDVxXNPckF4Vz2GKjPEZaXZpHp |  66000.707100001  |  332514572560   | 332.514572560  |   False    |
| B62qnpq5apH4ueZQP5vmmR5jAUTUSP9QjQUE1WStyFDEp4P8Pnhp3o8 |   20.814800000    |    209716352    |  0.209716352   |   False    |
| B62qiu8eprRSn5K4TJet5fm6vfNtmbvjDVPMyiCsBZvRtYUYEMjVH2W |    5.909000000    |    59535223     |  0.059535223   |   False    |
+---------------------------------------------------------+-------------------+-----------------+----------------+------------+
